SCALE: 14
edgefactor: 16
NBFS: 47
construction_time: 5.89611469999999985e-02
min_time: 1.90537328800000005e+00
firstquartile_time: 1.90750389649999996e+00
median_time: 1.91659634099999998e+00
thirdquartile_time: 1.90750389649999996e+00
max_time: 1.92270924099999996e+00
mean_time: 1.91425120872340448e+00
stddev_time: 6.13600750984014467e-03
min_nedge: 2.61836000000000000e+05
firstquartile_nedge: 2.61836000000000000e+05
median_nedge: 2.61836000000000000e+05
thirdquartile_nedge: 2.61836000000000000e+05
max_nedge: 2.61836000000000000e+05
mean_nedge: 2.61836000000000000e+05
stddev_nedge: 0.00000000000000000e+00
min_TEPS: 1.36180757036263705e+05
firstquartile_TEPS: 1.36414356298577855e+05
median_TEPS: 1.36615099590237602e+05
thirdquartile_TEPS: 1.36414356298577855e+05
max_TEPS: 1.37419791517513921e+05
harmonic_mean_TEPS: 1.36782465544120467e+05
harmonic_stddev_TEPS: 6.46455246410560704e+01

